0	35 64 93 141 165 267 312 350 360 364 435 487 585 614 617 630 674 683 718 770 834 929 930 932 974 984 1014 1044 1046 1076 1101 1108 1115 1134 1148 1169 1327 1402 1428 1440 1463 1519 1534 1536 1562 1581 1635 1676 1698 1717 1919 1939 1951 2012 2059 2073 2104 2105 2361 2394 2402 2433 2436 2443 2546 2548 2591 2675 2679 2685 2703 2748 2758 2762 2892 2894 2907 2933 2944 2952 2960 3206 3252 3303 3313 3327 3387 3476 3602 3644
1	14 76 89 139 142 217 229 423 483 570 595 603 609 613 637 714 763 789 800 815 856 858 908 993 1004 1129 1167 1198 1199 1209 1249 1325 1342 1349 1361 1382 1426 1430 1459 1476 1486 1493 1512 1528 1567 1599 1618 1624 1671 1739 1743 1747 1769 1811 1895 1917 1982 1990 2016 2052 2069 2084 2168 2203 2251 2269 2299 2365 2500 2526 2556 2596 2615 2616 2648 2707 2715 2776 2794 2811 2840 2845 2975 2999 3064 3080 3147 3173 3218 3243 3292 3326 3346 3357 3385 3511 3525 3549 3587 3617
2	60 191 226 276 320 443 548 611 664 728 754 788 828 848 877 923 966 1015 1016 1095 1113 1128 1202 1220 1302 1311 1419 1466 1521 1805 1824 1858 1869 1934 1967 2060 2063 2076 2128 2142 2249 2273 2303 2309 2322 2348 2366 2417 2439 2460 2477 2498 2572 2604 2610 2617 2714 2721 2736 2759 2761 2788 2831 2941 2957 2993 2998 3071 3075 3120 3167 3204 3234 3244 3282 3333 3434 3461 3556
3	59 97 239 329 384 390 434 445 447 482 620 760 802 829 861 863 919 968 1047 1055 1060 1065 1082 1097 1104 1231 1335 1372 1404 1405 1510 1531 1542 1547 1552 1582 1644 1681 1719 1831 1899 1935 1948 1961 1974 2051 2118 2133 2258 2274 2278 2321 2362 2496 2537 2588 2637 2713 2841 3030 3127 3133 3309 3342 3343 3348 3378 3411 3455 3495 3517 3695 3709 3713
4	100 106 291 528 561 575 722 731 795 866 876 973 1083 1121 1130 1164 1252 1270 1450 1474 1561 1577 1647 1687 1718 1737 1837 1904 1911 1946 1984 1988 1997 2017 2023 2037 2055 2061 2137 2198 2388 2475 2542 2567 2597 2640 2792 2843 2867 2920 3016 3035 3049 3077 3091 3096 3188 3253 3261 3311 3369 3506 3590 3670 3676 3712
5	30 42 46 98 107 152 190 199 218 243 247 248 415 493 606 657 747 819 854 862 1001 1005 1028 1265 1268 1283 1313 1322 1351 1359 1363 1475 1518 1520 1522 1584 1616 1627 1663 1670 1786 1849 1872 2003 2036 2125 2138 2181 2196 2493 2501 2543 2549 2562 2632 2660 2753 2766 2769 2798 2852 2879 2900 2912 2943 2973 3014 3017 3024 3105 3231 3319 3338 3353 3553 3603 3619 3640 3647
6	63 72 102 132 146 343 512 538 675 681 751 896 907 1177 1191 1246 1352 1380 1494 1570 1596 1626 1645 1841 1851 1882 1897 1932 1959 2031 2083 2090 2140 2201 2227 2247 2272 2428 2490 2517 2539 2614 2639 2666 2752 2770 2821 2882 2909 2919 2951 3018 3158 3399 3427 3464 3526 3548 3589 3622 3626 3643
7	80 112 127 143 183 198 207 222 242 273 277 292 302 325 377 381 453 479 486 552 559 581 608 623 628 641 658 669 672 688 691 699 719 746 769 868 893 935 937 971 1041 1072 1126 1160 1219 1225 1227 1271 1328 1341 1362 1399 1427 1452 1480 1524 1574 1587 1633 1657 1736 1745 1913 1947 1954 1969 1999 2001 2011 2045 2102 2131 2173 2230 2240 2294 2301 2308 2386 2406 2464 2491 2522 2606 2628 2665 2684 2695 2797 2903 2908 2974 3009 3154 3181 3205 3233 3271 3302 3335 3359 3368 3398 3416 3463 3486 3529 3551 3592 3648 3684 3688 3689
8	108 115 129 228 245 307 337 358 380 452 485 643 730 779 839 840 880 906 1020 1146 1159 1223 1241 1299 1366 1376 1548 1611 1667 1694 1728 1827 1962 2095 2149 2214 2354 2369 2391 2463 2564 2641 2732 2817 2832 2873 2936 3058 3089 3124 3153 3162 3195 3263 3267 3293 3312 3391 3418 3492 3497 3522 3616 3696
9	12 31 48 109 182 227 249 258 303 351 474 480 517 573 583 635 671 689 706 707 711 817 917 921 947 976 979 1112 1139 1142 1222 1326 1346 1384 1481 1490 1506 1600 1630 1650 1659 1666 1819 1833 1840 1980 2009 2179 2180 2192 2212 2217 2222 2244 2248 2306 2324 2367 2444 2554 2566 2644 2673 2677 2694 2733 2746 2747 2775 2780 2801 2827 2842 2849 2884 2904 2986 2996 3070 3165 3172 3229 3238 3281 3301 3310 3334 3340 3408 3460 3483 3627 3654 3702
10	49 65 204 332 348 367 369 378 478 484 535 612 615 618 639 708 732 748 837 842 895 914 952 959 961 967 1037 1350 1356 1358 1406 1515 1638 1686 1748 1781 1797 1836 1876 1889 1930 1998 2062 2089 2092 2127 2129 2250 2312 2345 2452 2478 2519 2544 2599 2603 2622 2656 2688 2717 2791 2806 2813 2883 2916 2935 2968 3001 3019 3052 3209 3284 3322 3401 3405 3479 3580 3581 3588 3649 3675 3677
11	169 237 438 441 451 463 634 704 709 761 889 911 1099 1303 1344 1353 1371 1397 1433 1614 1764 1801 1950 1979 1996 2085 2111 2257 2310 2334 2476 2561 2630 2649 2726 2760 2793 2819 2860 2939 2945 2980 3056 3149 3179 3248 3275 3403 3423 3430 3442 3480 3574
12	32 94 101 120 160 257 341 344 475 555 644 656 845 926 934 1086 1149 1226 1257 1330 1396 1411 1482 1535 1680 1706 1730 1731 1756 1765 1798 1818 1835 1886 1956 2064 2157 2270 2283 2347 2525 2612 2785 2850 3036 3203 3390 3445 3542 3630 3697 3704
13	33 184 203 265 271 376 413 558 652 736 757 766 857 905 962 995 1006 1052 1059 1138 1141 1158 1214 1215 1307 1425 1485 1586 1649 1665 1690 1732 1744 1891 1921 2024 2058 2094 2162 2286 2338 2351 2352 2364 2396 2401 2504 2629 2681 2739 2872 2890 2902 2918 3011 3072 3079 3180 3330 3350 3374 3471 3532 3536 3634 3691 3718
14	110 130 173 186 270 284 293 382 391 418 420 448 465 467 530 550 598 697 721 753 759 797 928 951 988 998 1033 1062 1098 1120 1152 1250 1263 1266 1294 1309 1316 1470 1473 1484 1487 1513 1530 1569 1610 1648 1712 1714 1813 1845 1850 1888 1914 1960 2065 2116 2132 2154 2155 2302 2314 2359 2400 2410 2422 2440 2453 2484 2488 2495 2545 2605 2708 2720 2738 2744 2784 2829 2870 2880 2913 2966 3007 3047 3131 3174 3184 3323 3377 3426 3457 3458 3514 3520 3579 3599 3653 3711
15	24 238 299 338 363 417 455 477 511 515 534 578 667 729 784 1078 1315 1319 1398 1432 1517 1720 1866 2018 2153 2375 2467 2627 2662 2782 2836 2844 3034 3101 3242 3317 3329 3422 3451 3473 3585 3594 3650 3666 3699
16	54 75 135 219 225 310 437 491 579 659 673 687 715 768 774 814 826 955 970 972 994 1000 1145 1205 1235 1296 1312 1375 1422 1431 1438 1504 1566 1606 1654 1673 1675 1700 1804 1823 1842 1877 1881 1943 2000 2014 2028 2050 2053 2147 2219 2264 2281 2318 2413 2427 2442 2528 2547 2624 2768 2807 2830 2864 2889 2893 2938 2949 2959 3031 3214 3235 3269 3270 3308 3320 3339 3552 3624 3698 3700 3715
17	0 7 47 137 153 158 177 202 278 316 318 324 392 461 508 532 631 843 922 1182 1201 1314 1329 1360 1378 1394 1443 1477 1576 1597 1598 1613 1623 1625 1656 1702 2087 2122 2466 2578 2585 2661 2683 2705 2773 2833 3117 3140 3220 3306 3396 3397 3513 3568 3584 3604
18	8 185 308 352 409 560 624 710 717 744 849 873 894 958 1043 1228 1387 1444 1550 1632 1669 1751 1753 1759 1761 1783 1821 1856 1898 1937 2038 2098 2103 2106 2112 2119 2177 2191 2206 2236 2256 2268 2304 2355 2462 2479 2511 2595 2690 2718 2754 2835 2997 3255 3295 3297 3314 3372 3395 3407 3429 3454 3482 3607 3610 3631 3687
19	41 79 168 180 188 197 252 255 288 333 334 339 346 379 394 454 554 590 593 597 665 678 791 860 901 1026 1075 1117 1168 1232 1274 1295 1317 1413 1418 1441 1617 1729 1809 1810 1817 1860 1902 1910 1923 1926 1942 1981 2088 2100 2267 2315 2326 2337 2339 2458 2553 2565 2750 2756 2783 2914 2930 3010 3025 3092 3144 3155 3213 3388 3392 3503 3570 3598 3638 3642
20	18 90 111 211 264 314 496 502 676 695 764 807 822 869 878 915 1050 1051 1079 1091 1247 1306 1331 1357 1414 1456 1549 1655 1682 1688 1697 1887 1901 1906 1925 1994 2032 2158 2167 2169 2424 2594 2598 2618 2672 2693 2779 2809 2888 3081 3106 3122 3217 3432 3557 3562 3628 3652 3679
21	45 55 134 174 187 205 209 235 246 290 294 304 317 362 373 393 411 422 436 542 599 647 660 810 820 835 836 864 875 950 953 991 1080 1089 1090 1143 1207 1213 1233 1255 1451 1461 1468 1479 1556 1559 1605 1629 1664 1677 1711 1773 1825 1863 1864 1867 1920 1924 1945 1953 2007 2068 2096 2151 2218 2291 2296 2328 2358 2571 2667 2687 2701 2725 2749 2781 2823 2899 3082 3094 3116 3121 3136 3141 3192 3201 3202 3289 3328 3347 3406 3419 3446 3467 3487 3488 3535 3659 3661
22	181 210 331 335 353 466 568 705 712 773 812 960 1027 1049 1074 1172 1256 1289 1324 1343 1403 1483 1495 1508 1557 1578 1601 1695 1749 1776 1800 1814 1815 1966 2033 2097 2164 2174 2188 2225 2226 2282 2333 2421 2461 2469 2485 2530 2600 2602 2663 2735 2927 2934 2964 2972 3060 3194 3221 3224 3237 3262 3287 3428 3489 3516 3538 3660
23	19 122 148 166 196 268 272 297 328 359 406 449 471 586 587 592 942 946 1036 1054 1061 1068 1280 1321 1435 1449 1594 1604 1612 1707 1778 1795 1803 2005 2022 2074 2109 2117 2186 2200 2216 2237 2298 2429 2465 2492 2536 2551 2555 2575 2581 2613 2676 2680 2712 2751 2955 2969 2983 3189 3307 3360 3555 3559 3692
24	126 301 349 356 372 387 444 500 596 700 813 890 938 1021 1279 1301 1332 1420 1555 1636 1693 1792 1807 1870 2006 2015 2029 2197 2245 2378 2405 2415 2446 2583 2587 2611 2643 2700 2804 2810 2881 2988 3039 3045 3143 3240 3279 3400 3435 3614
25	114 140 171 285 366 403 404 503 507 543 549 567 580 607 690 723 726 781 785 853 985 1123 1133 1163 1170 1173 1264 1290 1292 1337 1374 1437 1447 1491 1523 1541 1689 1701 1755 1758 1789 1834 1883 1890 1903 2156 2289 2290 2331 2404 2409 2423 2438 2459 2473 2541 2552 2635 2664 2674 2691 2722 2729 2789 2862 2886 2905 2926 3008 3029 3037 3054 3068 3095 3099 3169 3254 3344 3362 3367 3415 3449 3465 3509 3613 3620 3668
26	87 125 150 256 306 309 340 399 460 468 472 497 693 737 750 778 790 874 1017 1092 1111 1267 1297 1393 1408 1502 1580 1785 1983 2054 2113 2295 2368 2381 2411 2426 2448 2505 2911 2979 2981 3020 3021 3059 3135 3177 3373 3469 3518 3596 3608 3669
27	22 56 124 149 151 263 395 679 696 720 733 740 775 787 831 870 881 903 1070 1073 1100 1102 1110 1147 1176 1200 1218 1460 1579 1592 1622 1660 1715 1772 1862 1916 1968 2013 2194 2209 2253 2284 2455 2497 2563 2767 2885 3043 3108 3216 3225 3470 3484 3500 3561 3563 3635 3680 3685
28	1 84 244 410 426 518 521 544 588 589 601 692 735 742 823 899 964 986 1025 1106 1132 1333 1410 1412 1446 1529 1704 2108 2160 2252 2266 2307 2323 2379 2385 2419 2647 2653 2689 2734 2816 2923 2967 3022 3053 3187 3236 3247 3524 3605 3615 3714
29	28 68 69 224 282 389 416 419 527 591 604 663 670 684 767 827 909 910 916 957 977 1032 1056 1064 1085 1114 1137 1185 1221 1243 1259 1320 1392 1417 1453 1619 1621 1653 1699 1708 1725 1727 1766 1846 1977 1991 2107 2134 2143 2145 2185 2211 2238 2254 2342 2360 2390 2669 2929 2954 2958 3002 3051 3055 3098 3277 3361 3363 3404 3539 3572
30	29 44 52 57 117 131 163 192 260 280 446 459 582 632 776 777 804 847 850 904 1087 1093 1165 1242 1291 1354 1416 1503 1505 1544 1641 1652 1692 1705 2002 2184 2280 2293 2317 2344 2346 2350 2418 2474 2480 2503 2580 2582 2608 2626 2654 2658 2678 2765 2803 2815 2921 3006 3027 3084 3090 3160 3161 3166 3175 3185 3208 3280 3300 3505 3639 3682
31	15 27 37 71 74 167 175 214 261 275 289 388 407 594 626 655 713 734 809 818 841 844 920 969 1002 1007 1034 1067 1109 1174 1197 1237 1258 1275 1373 1389 1445 1458 1464 1511 1573 1583 1591 1609 1679 1691 1723 1768 1879 1900 1915 1972 1973 1975 1993 2019 2035 2047 2057 2082 2101 2161 2175 2176 2190 2204 2260 2276 2287 2349 2395 2397 2499 2527 2619 2620 2623 2642 2646 2650 2743 2800 2808 2839 2859 2871 2898 2942 2946 2947 2978 2987 3015 3146 3215 3219 3258 3331 3462 3481 3485 3530 3656 3690
32	16 40 53 116 118 133 157 195 212 240 396 430 432 462 522 541 571 682 685 724 794 805 816 918 949 1013 1018 1042 1057 1066 1157 1224 1276 1368 1369 1407 1469 1478 1509 1516 1615 1726 1741 1775 1788 1796 1838 1874 1880 1955 2039 2071 2213 2246 2329 2356 2363 2377 2481 2494 2502 2540 2569 2574 2589 2609 2636 2657 2709 2724 2755 2786 2802 2878 2956 3003 3065 3078 3086 3125 3129 3130 3151 3156 3211 3250 3291 3299 3305 3371 3417 3450 3498 3558 3664 3693
33	23 99 119 138 156 216 259 305 458 533 556 563 621 666 686 738 1008 1045 1071 1096 1203 1304 1348 1497 1514 1532 1639 1709 1885 1922 1957 1978 2049 2078 2091 2099 2121 2170 2202 2228 2263 2325 2341 2393 2420 2533 2696 2977 3062 3139 3148 3157 3176 3212 3230 3315 3364 3376 3379 3381 3382 3414 3425 3586 3609
34	4 123 232 319 402 414 494 513 526 539 651 851 859 891 936 978 1119 1154 1183 1284 1377 1439 1455 1499 1590 1651 1668 1839 1848 1927 2020 2025 2040 2288 2319 2340 2403 2441 2445 2449 2558 2586 2671 2699 2706 2741 2763 2834 2856 2866 2897 2953 3000 3012 3023 3063 3074 3138 3168 3199 3272 3332 3386 3444 3490 3491 3577 3633 3645 3662 3683
35	3 77 104 194 223 233 251 342 385 427 439 499 557 625 745 762 786 830 833 852 956 1040 1069 1105 1131 1156 1166 1211 1251 1465 1489 1551 1643 1658 1721 1782 1790 1822 1828 1854 1871 1873 1938 1949 1958 2010 2152 2165 2187 2357 2373 2384 2437 2487 2579 2584 2621 2838 2847 2858 2876 2917 2965 2971 2976 3005 3085 3100 3145 3239 3366 3370 3433 3436 3453 3475 3508 3515 3519 3600 3655
36	9 26 78 82 215 287 295 365 456 457 506 525 537 569 616 727 756 871 886 940 996 1003 1063 1125 1272 1347 1370 1390 1423 1434 1472 1588 1710 1771 1779 1855 1894 2080 2148 2242 2374 2380 2383 2416 2778 2851 2857 2891 3061 3088 3150 3198 3228 3268 3355 3494 3611 3629 3716
37	34 36 43 73 86 103 170 221 296 354 397 470 498 576 622 627 648 758 765 867 980 1011 1012 1030 1077 1140 1153 1244 1253 1260 1273 1278 1364 1383 1454 1471 1553 1563 1564 1565 1631 1685 1884 1905 1908 1970 2056 2144 2163 2224 2232 2316 2456 2508 2514 2529 2576 2593 2607 2697 2702 2711 2719 2727 2728 2824 2877 3032 3102 3114 3164 3210 3245 3246 3259 3294 3296 3349 3383 3448 3456 3477 3502 3521 3545 3601 3665 3694 3719
38	17 213 408 464 488 572 642 677 792 798 879 944 948 975 1010 1029 1178 1179 1181 1195 1206 1248 1282 1386 1545 1572 1678 1733 1752 1770 1784 1896 1941 1952 2021 2043 2086 2114 2241 2353 2457 2538 2568 2805 2863 2875 2910 2915 2932 3013 3042 3123 3137 3197 3256 3351 3384 3466 3496 3547 3671
39	66 95 154 164 200 398 490 523 551 640 645 653 716 803 832 992 1136 1187 1236 1239 1254 1298 1379 1385 1436 1442 1462 1533 1808 1853 1987 1989 2172 2183 2265 2292 2300 2330 2483 2513 2515 2520 2523 2535 2559 2710 2740 2742 2822 2825 2837 2869 2931 3028 3057 3087 3126 3190 3207 3321 3336 3365 3421 3437 3452 3459 3560 3583 3597 3623 3632 3641 3673 3674 3678 3686
40	2 70 91 128 254 274 383 386 400 492 519 602 646 855 925 997 1150 1204 1281 1305 1336 1620 1642 1724 1735 1754 1852 1868 2136 2220 2233 2255 2370 2372 2408 2432 2509 2516 2550 2590 2631 2896 2970 3033 3115 3118 3170 3171 3249 3409 3447 3612
41	51 121 145 179 193 206 283 326 336 405 421 424 481 495 501 505 529 545 610 662 694 741 743 752 772 796 884 892 898 912 933 943 965 981 1024 1144 1151 1189 1192 1194 1196 1212 1217 1229 1230 1286 1310 1339 1391 1409 1421 1525 1539 1540 1554 1593 1637 1674 1742 1780 1791 1826 1844 1861 1933 1944 1963 1992 2004 2008 2110 2120 2124 2141 2182 2229 2235 2271 2320 2398 2435 2450 2468 2472 2510 2518 2534 2592 2601 2723 2737 2771 2812 2846 2848 2868 2925 2985 2990 2992 3040 3073 3109 3112 3113 3186 3222 3223 3241 3257 3260 3412 3468 3565 3571 3575 3595 3618 3663 3667 3672
42	25 85 105 161 162 279 286 322 374 440 514 562 566 650 749 799 824 883 1009 1103 1116 1162 1238 1261 1340 1424 1429 1526 1538 1546 1558 1589 1595 1722 1777 1793 1830 1859 1912 2041 2072 2139 2193 2239 2332 2335 2454 2489 2506 2507 2531 2560 2625 2638 2655 2764 2774 2826 2948 2950 3038 3083 3104 3111 3128 3152 3178 3288 3393 3431 3441 3527 3567 3606 3706
43	6 10 21 39 262 269 315 355 361 371 476 564 605 703 771 897 900 927 982 987 990 999 1019 1022 1127 1287 1323 1365 1367 1388 1467 1488 1498 1507 1634 1703 1713 1716 1767 1794 1820 1857 1875 1892 1893 1931 1965 1971 2066 2093 2189 2215 2231 2275 2343 2389 2407 2532 2651 2698 2730 2861 2865 2887 2895 2989 3103 3183 3266 3278 3290 3345 3352 3380 3389 3402 3528 3554 3582
44	83 201 208 220 327 357 412 425 450 510 516 531 600 633 811 1038 1161 1240 1245 1300 1355 1501 1543 1575 1603 1829 1847 1909 1928 1976 1995 2027 2042 2146 2208 2210 2311 2313 2524 2557 2777 2790 2854 2855 2994 3004 3041 3050 3110 3182 3196 3200 3251 3283 3285 3286 3504 3523 3537 3564 3578 3637
45	58 61 62 96 236 250 311 321 347 469 489 540 553 577 584 629 636 638 668 680 780 888 913 939 941 945 989 1048 1124 1135 1234 1262 1277 1293 1308 1318 1401 1571 1640 1734 1762 1787 1936 1985 1986 2034 2070 2123 2166 2171 2178 2199 2259 2262 2285 2412 2431 2512 2634 2645 2668 2670 2731 2757 2799 2818 2828 2853 2906 2924 2928 2961 2995 3093 3119 3265 3273 3298 3304 3316 3324 3325 3356 3424 3472 3474 3501 3507 3512 3533 3534 3541 3573 3703 3707 3708
46	5 88 178 323 431 473 547 574 619 649 654 782 783 825 865 1175 1184 1186 1208 1345 1415 1496 1661 1750 1763 1832 1940 2067 2079 2081 2223 2243 2277 2297 2305 2392 2430 2704 2787 2984 2991 3132 3226 3341 3358 3420 3493 3540 3636 3701 3717
47	11 92 113 147 155 159 231 234 241 253 266 300 330 368 375 504 509 520 536 698 872 882 902 924 931 963 983 1058 1084 1107 1180 1193 1269 1338 1457 1492 1537 1560 1568 1585 1607 1628 1646 1672 1684 1740 1757 1760 1774 1843 1878 1918 1964 2026 2046 2075 2077 2135 2159 2195 2399 2425 2470 2633 2652 2659 2692 2716 2820 2901 2922 3046 3076 3107 3134 3163 3191 3193 3227 3232 3274 3318 3337 3499 3531 3544 3546 3566 3576 3593 3625 3658 3705 3710
48	50 136 144 172 189 298 401 433 442 546 661 702 739 755 801 806 838 887 1023 1035 1081 1088 1118 1155 1171 1188 1210 1288 1395 1500 1527 1608 1662 1683 1696 1746 2030 2044 2221 2327 2382 2387 2414 2447 2486 2521 2570 2573 2577 2682 2745 2796 2814 2963 3044 3048 3069 3142 3159 3276 3354 3394 3410 3438 3439 3440 3543 3550 3569 3646 3651
49	13 20 38 67 81 176 230 281 313 345 370 428 429 524 565 701 725 793 808 821 846 885 954 1031 1039 1053 1094 1122 1190 1216 1285 1334 1381 1400 1448 1602 1738 1799 1802 1806 1812 1816 1865 1907 1929 2048 2115 2126 2130 2150 2205 2207 2234 2261 2279 2336 2371 2376 2434 2451 2471 2482 2686 2772 2795 2874 2937 2940 2962 2982 3026 3066 3067 3097 3264 3375 3413 3443 3478 3510 3591 3621 3657 3681
